MAE: 152.76592694888734
PMAE: 0.6434370330383012
RMSE: 201.45657889476803
PRMSE: 0.6470983452804734
