MAE: 1.1202714480426166
PMAE: 0.5260177944001879
RMSE: 1.4572196920898106
PRMSE: 0.5646974780015948
