MAE: 36.079558373654166
PMAE: 0.33120543493629956
RMSE: 45.90895330237547
PRMSE: 0.3883686128477719
