MAE: 35.57780052010459
PMAE: 0.32145424345685425
RMSE: 46.07362136647177
PRMSE: 0.3843405808809044
