MAE: 152.53924463448672
PMAE: 0.6471919748509227
RMSE: 201.94704300406124
PRMSE: 0.6508335072647374
