MAE: 1.1264345390179498
PMAE: 0.5294437070310269
RMSE: 1.4551640466138545
PRMSE: 0.5645901561176335
