MAE: 156.07899723987322
PMAE: 0.6380014558621249
RMSE: 211.64555601572337
PRMSE: 0.6542217437293257
