MAE: 1.1119189679113346
PMAE: 0.505847350609519
RMSE: 1.5193316714557261
PRMSE: 0.5688561870987539
