MAE: 36.93260279851485
PMAE: 0.3367241709251047
RMSE: 46.84881435096108
PRMSE: 0.39280683629556645
