MAE: 0.6656706929206848
PMAE: 0.31287673115730286
RMSE: 0.9443051218986511
PRMSE: 0.3663816452026367
