MAE: 76.59862518310547
PMAE: 0.32262688875198364
RMSE: 116.80705261230469
PRMSE: 0.3751957416534424
