MAE: 0.45714980363845825
PMAE: 0.20797201991081238
RMSE: 0.6787322163581848
PRMSE: 0.25412556529045105
