MAE: 0.6642827391624451
PMAE: 0.31191059947013855
RMSE: 0.941261887550354
PRMSE: 0.3647550344467163
