MAE: 19.315378189086914
PMAE: 0.17731253802776337
RMSE: 25.871950149536133
PRMSE: 0.2188647985458374
