MAE: 77.90454864501953
PMAE: 0.33053267002105713
RMSE: 117.87904357910156
PRMSE: 0.3798997402191162
