MAE: 19.41722869873047
PMAE: 0.17703194916248322
RMSE: 26.535221099853516
PRMSE: 0.2224862277507782
