MAE: 50.59079360961914
PMAE: 0.20679913461208344
RMSE: 81.47590637207031
PRMSE: 0.25185179710388184
