MAE: 12.955713272094727
PMAE: 0.11705808341503143
RMSE: 18.274564743041992
PRMSE: 0.15244421362876892
