MAE: 63.17776274193883
PMAE: 0.2660993533381528
RMSE: 101.90747476182787
PRMSE: 0.32733683470442293
