MAE: 0.5280934089318369
PMAE: 0.24821302694586544
RMSE: 0.7995285248595358
PRMSE: 0.3102096598373083
