MAE: 16.667099912429226
PMAE: 0.15195830453677678
RMSE: 23.451417634442468
PRMSE: 0.1966298890290011
