MAE: 11.995126108165481
PMAE: 0.10837893702310297
RMSE: 17.511252798651093
PRMSE: 0.14607675307891568
