MAE: 46.81291391213735
PMAE: 0.1913563569563423
RMSE: 78.87858445931118
PRMSE: 0.24382315673657712
