MAE: 0.415899002172817
PMAE: 0.18920571207345013
RMSE: 0.6669797757008934
PRMSE: 0.249725320775043
