MAE: 17.93646313139182
PMAE: 0.16465428263531312
RMSE: 24.763108667450233
PRMSE: 0.20948450384397746
