MAE: 69.47523282604075
PMAE: 0.2947688369136347
RMSE: 109.69388900562161
PRMSE: 0.3535206714338004
