MAE: 0.603718490559447
PMAE: 0.28347295664552163
RMSE: 0.8913765920289636
PRMSE: 0.3454236301612255
